INDEX uoffluuur.

37, 2. 45, 38,1, 396, 40, 28,
41,5, 42,1.4, 43,1.2.3; 44,1,
45,1, 46,1.4, 47, 1. 4. 56, 48,
34, 493, 50,2.3.4, 53,3.4,
1716, 7,,729, 3, 55, 2, 71 12,2,
II. Aristius VH42,53 43,1.
[Armoricae e. Aremoricus]

.' c. Arpineuus v27,1; ae, 1.
l [Arudes a. Harudes]
, Arverni 131, 34, 45,2, 7Π3,3,

5,5.7, 7,1.5,8,2(555),4,5, 9,5,
34,2, 37,1, 38, 5.7, 646, 66,1,
75, 2, 77,3, 89,5, 96, 23, VIII
46,4, - 7Π4,1, 76,3, 83,6,
88,4, VIII 44, 3.

ἶ (Aseuurlus unsel.)

Q. Atius Varus VIII 28, 2.

Atrebates H 4, 9, 16, 2, 23, 1,
17 21,7,746,3, 7Π75,3, VIII
7,4, 47,2, - 17 27,2, 35,1,
7223, 716,4, 7Π76,3, VIII
6,2; 7,5; 21,1, 47,1.

Q. Atrius 79,1, 10, 2.

· Atuatuca VI 32, 3. 4, 35, 8. 10.

Atuatuci Π 4, 9, 16,4, 29,1.4,

, 31,4, vamba), 38,1, 2, 39,

¹ Α 335e,1;vra‚3; aaa,

⁵ · Aulerci 11343 Π129,3, 7114,6,
71117,4, - 71157,3, Aulerci
Brannoviaes VH 75, 2, - Aulerci
Cenoma(n)niVII 75, 3, - Aulerci
Eburovices 1Π17, 3, VH 75, 3.

L. Aurunculeius Catia 11 11, 3,
1722, 5, 38, 3, V 24, 5, 26, 2,
28,3, 29,7, 3Ο,1, 31,3, 33,2,
358, 36, 34, 37,4, 52,4, 71
32,4, 37,8.

Ausci Π127, 1.

Avaricensis 7Π47, 7.

AvarIeum VH 13, 3, 15, 3, 16,
1. 2, 18,1, 294, 30,2, 31, 34,
32,1, 47,5; 52, 2.

1115551154, 9, 3.

Bacenis silva V110,5.

Baculus a. Sextiua

(L. Corneliuellialbus VIII praef. 1.

Baleares 117, 1.

Τ. Balventius 735, 6.

Basil[i]us a Minucius.

Batavi IV10, 1.

Belgae 11, 1. 2. 3. 5. 6, Π 1,1,
2, 3. 6, 3, 1. 2. 4, 4, 1. 4, 5,4,
6,1.2, 14,1.6, 15,1. 5, 17,2,
19,1,1117,1, 11,2, 17 38,4,
724,3, 711162, 38,1, 54, 5,

Belgium V 12,-2, (24, 3,) 25,4,
71Π 46, 4. 6, 49, 1, 54, 4.

Bellovaei [Bellovagi]114,5;5,3;
10, 5, 13, 1, 14, 2. 5, 724, 3,
46, 1, 71159, 2. 5, 75, 3. 5,90,5,
VIII 6, 2, 7, 1. 346, 12, 1, 14,1,
15,4,16,2,17,1, 262, 21, 3.
4, 22,1, 23,1, 38,1, - 7ΠΙ
6, 2.

Bibracte123,1(brenmula
63,5;90,8;V1112,1;4,1.

Bibrax 116, 1.

Βίὶπόοἱ 721,1.

BigerrienesIH27,1.

BiturIgee 118,6, 7115,1.2.3.4.
57, 8,5, 9,6, 11,9,12,2, 13,
3, 15,1.4, 21, 3, 29,4, 75,3,
90,6, 7111212, 3, 35, 4,2,
11,1.

[Blannovii 71175, 2.]

Boduognalus Π23, 4.

[Boia 71114, 5.]

Boiu) 15, 4, 25, 6, 28,5, 29,2,
Vuae, 10,3.4; 17, 23, 75, 3.

Brannoviees e. Aulerci.

Bratuspantium II 13, 2.

B1·It(t)an(u)i 1721, 5, 7 11,8. 9,
14,2, 21,3.

Brit(t)an(n)ia114,7;14,4;1118,1;
9,10, 17 20, 1, 21, 31, 22, 2, 23,
2, 27,2, 28,1.2, 3Ο,1.2,37, 1,

 

