mauu-sculum.

13, 4, 24,2, 53,1, 54,4, 56, 5,
114,5, 12761619, 44,1,111
’ 637, 90,5,’11116,2(56’6), 11,
2, 12, 36, - 11 6,4.
[1166166166 VH 88, 4.]
[11661166 v. 06616166]
[8116166666. Redones]
1101)666611,4.5.6, 2, 3, ’5,4,
27,4, 28,4, 31,5.11.·16, aa&
35‚3; 37,3, 43,9, 44,.2, 53,1,
54,1,113,4, 4,1, 29,4, 35,1,
11111,1,111,1, 3,3, 4,2.3.6.
. 7, 6,3, 10,1.3, 14,5, 15,2, 16,
1. 2. 4. 6, 17,1, 19,4,13,1.4,
24, 4, 27,8; 29, 3, 41, 3, 55,1.2,
ulan 24,1, 29, 4, 32,1, 35,
4. 5.-6, 41,1, 42, 3, 1Π 65, 4,
11Π13,2.
11(1ι)ο(1666611,5, 2,3, 6,1.2.4,
8,1.4, 10,5, 11,5; 12,1, 33,4,
Π11,1,1Π65,3. -
1161661319, 11125, 11190, 8.
Romanus (·ni) 200 [erc locis.
L. Roscius 124, 2.7, 53, 6.
Rufus 6. Sulpicius,
Ruteni 145, 2, 1115, 1, 7,1.4,
64,6, 75,3; 90,6.
11.8666166166116111[1]6611190,4.

Sabinus 6. Titurius.

Sabis 1116,1, 18,1,·(1133,3.)

SamarobrivaV24‚l; 47,2; 53,3.

8661561110,1, 11,6, 11111,5,
1Π75, 3.

(Scaldis 1133, 3.)

[8666616616. Segusiavi]

861611661Π88,4.

Seduni 111-],1, 2,1, 7,1.

8666611 151, 2.

Segni 1132, 1.

8666611661121,1.

Segbvax 122,1.

Segusiavi I 10, 5, 1Π64,4, 75,2.

259

M. 86661661668611166111904.

8665666 Π2,3, 154,2, 56,1.4,
1123, 3456, 5,2, 44,1.3,
1114,6, 11,1, 34,2, 56,5; 58,
3, 75,3, ·- 1ΙΠ30,1.

Sequana 11,2, 11157,1.4, 58,
ab. ·

Sequani 11,5; 2, 3, 3,4, 6,1,
11,1, 9,1-4; 10,1,11,1,12,1,
19,1, 31, 4. 7. 10, 32, 2. 3. 45,
33, 2. 4, 35,3, 38,1, 40,11, 44,
’9, 48,2, 54,2, 11103, 1112,
1.4. 6, 11166, 2, 67, 7, 75, 3,
00,4,-13,4.

ager Sequanus 131,Ιο

Q. Sertorius 11123,5.

[86666116. 866611]

Ρ. Sextius Baculus 1125,1; ΙΠ
5,2, 113814.

Τ. Sextius 111, 1, 1Π49, 1, 51,

- 2, 90,6, 1Π111,1. 1

8111666166(816666166)11127,1.

[8166166 6. Iccius]

[8136166116. Sugambri.)

M. [166166] 8116666111,·1.

Τ. 81101166 III 7,4, 8, 2.

[86616166 v. Sotiates]

8611121,2Ι

8ο[6]116166 1Π 20, 23, 21,1.2.

Sueba [Saeva] 153, 4.

Suebi [Suavi] 1 37, 3. 4, 51,2,
54,1, 111,2.3, 3, 24, 4,1,
7,5, 8,3, 16,5, 19,1.2.3, 11
9,8, 10,1.3.4.5, 29,1.

Suessibncs[Suessones]H3‚5;
4,6; 12,1.4, 13,1, 1Π16, 2. 3.

Sugambri 11162, 18, 24, 19,
4, 1135, 5.

L. (Cornelius) Sulla 121,4.

Ρ. Sulpicius Rufus 11266111
90,1.

Surus 111145, 2.

(Sygambri 6, Sugambri.)

17*

 

